179
-0.5
0.0
-0.5
0.0
0.0
0.0
-1.0
0.0
0.5
0.0
-0.5
1.0
0.0
0.0
-1.0
0.0
0.5
0.0
0.5
1.0
1.0
0.0
-1.0
0.0
-0.5
0.0
-0.5
0.0
0.0
0.0
-1.0
0.0
0.5
0.0
0.5
1.0
1.0
0.0
-1.0
0.0
-0.5
0.0
0.0
0.5
1.0
0.0
0.4472136
0.8944272
0.0
0.0
1.0
0.5
0.0
-0.5
0.0
0.0
0.0
0.4472136
0.8944272
0.0
0.5
0.0
0.5
1.0
0.0
0.4472136
0.8944272
0.0
0.0
0.0
0.5
0.0
0.5
0.0
0.5
1.0
0.0
0.8944272
0.4472136
0.0
0.5
0.0
0.5
0.5
1.0
0.0
0.8944272
0.4472136
0.0
0.0
0.0
0.5
0.5
0.0
0.5
1.0
0.0
0.8944272
0.4472136
0.0
0.0
0.0
-0.5
0.5
0.0
1.0
0.0
-0.4472136
0.8944272
0.0
0.0
1.0
0.5
0.0
0.0
0.0
-0.4472136
0.8944272
0.0
-0.5
0.0
0.5
0.0
1.0
-0.4472136
0.8944272
0.0
0.0
0.0
0.5
0.5
0.0
0.0
1.0
0.0
-0.4472136
-0.8944272
0.0
0.0
1.0
0.5
0.5
0.0
1.0
0.0
0.0
-0.4472136
-0.8944272
0.0
0.5
0.0
0.5
1.0
1.0
0.0
-0.4472136
-0.8944272
0.0
0.0
0.0
0.5
0.0
0.5
0.0
1.0
0.8944272
0.0
-0.4472136
0.0
0.0
0.0
-0.5
0.5
0.0
1.0
0.0
0.8944272
0.0
-0.4472136